Low
[ 0.27733835 24.18759065 49.30092305 62.78288038 70.60324532 73.69957516
 75.72159522 76.90685556 74.8938389  77.26630554 77.19278156 77.55520321
 75.49022702 77.2953241  79.67009799 79.60978953 79.24551866 84.0412442
 79.83372099 78.55567404 75.65026015 76.43107217 79.80441148 78.50436351
 71.92947045 66.47006058 66.64797179 63.42916488 59.13646117 55.94628956
 55.51807357 46.13886201 46.43655716 43.92324331 44.10228773 36.42845589
 33.93508326 28.00912573 21.95347098  3.35831009]60.697068122639585
Inter
[ 0.87912041 17.88313886 16.28993636 12.80784182  9.82764353  8.61398733
  7.22149711  7.2230273   5.92333038  6.35889628  5.65903382  5.19275939
  5.36429743  4.94463328  5.28249849  4.96938054  4.84462373  4.92838217
  4.9417416   5.10863952  4.32287091  4.40566664  4.37484275  5.03966655
  4.86085304  4.71100296  3.86493399  5.15381541  4.01533797  5.0862505
  4.59958748  4.54200291  4.90302953  4.79387382  4.77972736  4.27415375
  4.1409487   3.58897079  3.92305732  1.9195883 ]5.789114750489169
High
[1.09630896 1.04547696 1.04399002 0.96489044 1.03194261 1.02421338
 1.0573792  0.96892872 1.06366066 1.03706888 1.09734386 1.07550077
 1.16521286 0.92051461 0.92206842 0.88824109 1.04894063 0.90342727
 0.80794291 0.88149252 0.98065911 0.85968758 1.06597856 1.018807
 0.73119517 1.34373849 0.98654582 0.9276995  0.78701138 1.30732995
 1.12785238 0.80543752 1.01355804 0.95300371 0.96290335 0.88361567
 0.898166   0.89722583 0.77805414 1.04944983]0.9855615945867143