Low
[0.31321466 0.85568591 1.39394747 1.59500825 1.70127525 1.84673832
 2.01354994 2.23114652 2.35264726 2.54692028 2.68992329 2.80223152
 3.01430573 3.15939454 3.3842232  3.49455956 3.47136432 3.58879858
 3.70742853 3.8058393  3.79301254 4.13586792 3.90336199 4.06005111
 3.98559917 3.84669914 3.72818051 3.63258101 3.4569132  3.45731465
 3.19074422 3.12424374 3.1159563  3.2565981  3.32927869 3.18845489
 2.46624924 1.12323857 0.38849229 0.07087999]2.7805479924309857
Inter
[0.70144312 1.08485985 1.22528464 1.23790629 1.36960645 1.55224727
 1.743621   1.90896032 1.96214769 1.98174532 1.99642291 1.94415279
 1.99172579 2.01469744 2.01295284 1.96232033 1.98385541 2.0080142
 2.09364966 2.09915343 2.09916409 2.04540992 2.03190661 2.14622663
 2.10287499 2.12187387 2.06292589 2.04770852 2.03786744 1.94006731
 1.9292397  1.85343877 1.82837235 1.69131921 1.59261301 1.41948846
 1.31271256 1.16035006 0.96280001 0.89237075]1.7538374221479835
High
[1.11826369 1.09249373 1.08523431 1.08327773 1.07906749 1.0789594
 1.08104791 1.0591352  1.06298487 1.05385532 1.1003743  1.0253278
 1.07224331 1.04682188 1.05532881 1.02689799 1.00669878 1.01107455
 1.02220695 1.04707694 1.03300583 1.03882461 1.04995196 1.02236403
 1.04961154 1.02063609 1.02012211 1.05256206 1.0665627  1.04130616
 1.03328084 1.00509309 1.03377562 1.02391033 1.03484095 1.044508
 0.99704462 0.97954737 0.96604054 0.91542556]1.0409196241513654