Low
[ 0.46239476 40.81311826 43.89774297 45.39587729 48.38795151 50.05468597
 53.61348714 54.39185001 57.92714494 58.78123223 61.15217627 58.98976969
 60.69715758 61.55259959 63.38365118 63.88971006 62.65957557 62.90047812
 62.55208975 61.62344036 57.78915959 59.63769731 60.6342424  55.65810708
 57.10207391 53.07999139 54.95589052 51.84742711 52.55578069 50.02869145
 51.02304161 49.46239142 48.58671519 46.58234343 48.06705021 43.9780915
 39.28614987 32.18974104 21.61149725  6.59961223]50.34504571132415
Inter
[1.01866477 8.56560439 6.96985342 6.42334262 6.18688283 5.99513296
 5.92111083 5.59566889 5.54219979 5.92292348 5.63736615 5.87983449
 5.71610389 5.65055656 5.62721963 5.25614398 5.67428795 5.146946
 4.9492535  5.23271209 4.82211184 4.75052526 4.622425   4.57009989
 4.92380637 4.14147801 4.63321931 5.02850209 4.63261941 4.6303857
 4.68197443 4.23802608 4.24614233 4.29830126 4.1972171  3.54578522
 3.90498534 3.49713282 3.68058281 2.27537233]4.955812520698014
High
[1.09626776 1.0291316  1.04087015 0.97868672 1.00342361 0.94469171
 1.05876599 0.96290623 0.96465693 0.85889399 0.91560643 1.00280023
 1.11063851 0.92292708 1.10360207 1.08976094 1.07325103 1.19589928
 1.16841591 0.86787854 0.75742382 0.99067821 0.84000515 0.71914455
 0.90479356 0.96206666 1.07541268 0.85134409 1.03314339 0.95481636
 1.10022224 0.80776438 0.86355573 1.15426037 0.84166448 1.40433196
 1.05030731 0.78892529 0.99500903 0.89192491]0.984396722152385