Low
[0.40671979 0.44196352 0.64101734 0.90859144 1.20553128 1.54680048
 1.90435512 2.25552091 2.65679434 3.06639233 3.42227827 3.74230972
 4.06508694 4.18724034 4.34576814 4.63197786 4.7306553  4.78765619
 4.89977799 4.86924373 4.8331712  4.68529338 4.56832486 4.29437847
 4.09089742 3.87434421 3.59928057 3.31079309 3.19536005 3.00770978
 3.0402729  3.01031749 3.28791138 3.66948697 4.09932303 3.69111143
 1.90055956 0.28157044 0.00500684 0.        ]3.0290198524559786
Inter
[0.68418478 0.70508438 0.92792537 1.1351387  1.29316281 1.44178147
 1.70225701 1.94503195 2.18824153 2.40275136 2.55044606 2.64262056
 2.64858783 2.55522851 2.53569808 2.52626867 2.45459906 2.33293338
 2.25061175 2.12613234 2.10266294 2.13353338 2.1060009  2.15473712
 1.97398645 1.97051748 1.95293047 2.04514858 2.06302283 2.10480483
 2.00049826 1.97233067 1.90378314 1.88118132 1.7207691  1.56913963
 1.3846229  1.16285914 0.87179833 0.60565604]1.8682167282852575
High
[1.12810613 1.1132539  1.0860466  1.07223365 1.08264678 1.07657594
 1.06506319 1.06092814 1.06072518 1.03132356 1.05074261 1.03580615
 1.05858922 1.05439678 1.05988086 1.07668945 1.05137846 1.01203547
 1.02275649 1.03049631 1.04040324 1.01823468 1.03028274 1.04456657
 1.04539111 1.03817987 1.03479037 1.03053889 1.01771888 1.0429684
 1.02386753 1.04907399 1.03082367 1.05318368 1.01189033 1.03697602
 0.99426247 1.00204418 0.9151912  0.79987354]1.037248405921621