Low
[ 0.21124893 16.01989323 22.70548238 27.50307282 32.21140327 36.3742743
 39.00269042 43.27635501 43.68474047 47.85201478 45.76717972 45.31780436
 47.50071909 45.86222434 43.62533357 44.43592398 43.56630796 44.30664874
 42.30941934 43.46691444 42.17197171 42.23887349 43.75791696 43.48957639
 45.69141969 48.34108327 46.69201421 51.1787136  47.91978868 47.64256195
 47.2457156  43.46081302 42.83655373 39.78688773 36.99884628 30.72434521
 24.52592502 14.63887794  2.34492861  0.09923823]37.419642562408725
Inter
[0.98799185 3.48927511 3.83312538 4.17503534 4.70484322 5.09300134
 5.16625703 5.25894694 5.55710931 5.86112877 5.444972   5.21736486
 5.39467692 5.55053692 5.38662149 5.42950003 5.32041701 5.04832894
 5.07159211 5.2360025  5.27253478 5.28322543 5.27470971 5.44960409
 5.49573718 5.46628297 5.60675817 5.77077671 5.51293772 5.14433782
 5.08029796 4.90302555 5.23883344 4.85758943 5.07306652 4.29292697
 4.35888933 3.9883861  2.80543245 1.5196424 ]4.840543044739656
High
[1.09827835 1.04779419 1.02201079 0.99418411 0.96557375 0.95420282
 0.96404047 0.98283317 0.95645843 0.98045421 0.96315444 0.95176172
 0.97697377 1.04186787 1.03638222 0.92740786 0.99678315 0.87616886
 0.83236874 1.02702088 0.93721293 0.84083245 0.89278599 0.92162737
 0.93540469 0.91891662 0.89250028 0.9161569  0.82020312 0.87031833
 0.92470201 0.90868373 0.82500323 0.92717729 0.97363998 0.96552652
 0.77735979 0.86242445 0.78074219 0.89467945]0.9345404276732834