Low
[0.66867451 0.62761971 1.08019088 1.36095202 1.42135802 1.44502757
 1.42352519 1.44123292 1.435072   1.49572538 1.5327055  1.59644031
 1.63128216 1.65786344 1.66488823 1.6707722  1.71942253 1.72369637
 1.75474425 1.71878124 1.7142671  1.70229092 1.62872314 1.56591748
 1.5138234  1.49760305 1.4633931  1.51868824 1.52969155 1.5244373
 1.5918258  1.85995758 2.15349928 2.54199817 3.19889147 3.75140742
 4.31216346 4.95648632 6.19307845 1.86184376]1.92874903529609
Inter
[0.93384567 0.97467877 1.17630714 1.25136097 1.26918574 1.24956513
 1.22703023 1.21794561 1.24911908 1.21813162 1.24284385 1.22736858
 1.23824033 1.2456743  1.20657854 1.23255169 1.18318079 1.18494593
 1.1970336  1.11894313 1.08035707 1.13870089 1.13141502 1.16452554
 1.14775243 1.15744425 1.1896656  1.17667768 1.19155574 1.25442577
 1.36570036 1.45054556 1.46852704 1.54143642 1.53948017 1.56312636
 1.68810919 1.88696551 1.70335049 1.15861215]1.2710725982590378
High
[1.06412009 1.12429894 1.1273316  1.11473052 1.12229304 1.10960412
 1.12792635 1.10662975 1.12537278 1.11843536 1.10198716 1.08899288
 1.08724642 1.14102383 1.09294638 1.0675684  1.10108612 1.05223444
 1.11871404 1.08001719 1.07494063 1.09437819 1.10368839 1.08046225
 1.11911765 1.04583766 1.05604779 1.02100712 1.07256386 1.06700239
 1.00703981 1.06395234 1.03444583 1.01862729 1.15501305 1.09756657
 1.14189951 1.03262911 1.02934795 1.04351505]1.0857910461716258