Low
[ 0.08078732  1.94840924  6.77627629 17.74122862 28.1211765  31.08596915
 30.77212404 30.53775858 30.39703776 30.23577477 30.03145475 28.83194856
 29.40691455 27.97360343 28.28916499 27.89350987 27.05232056 27.86403498
 27.63907977 26.75534771 26.41420004 25.28136358 23.94632081 23.74834495
 22.86011549 23.14110849 20.38899624 21.38662881 21.37390056 21.26319608
 21.5395951  21.03660994 18.89921894 16.53588629 13.17092417  8.25948025
  5.13318801  2.84871745  0.99642138  0.16539653]20.69558836338656
Inter
[ 0.41613277 12.96815329 12.75024586  9.41811217  6.85130128  5.46386531
  4.86487359  4.35726732  4.22472138  4.35303421  4.5602818   4.40340185
  4.53002276  4.59190226  4.67821705  4.72910135  4.8809153   5.01139712
  4.92731153  5.1441225   5.31211736  5.10491852  5.38597172  5.44597179
  5.45660819  5.40273976  5.43431417  5.34775786  5.36330619  5.29744334
  5.09873526  5.17811747  4.71138503  4.56931219  4.0468424   3.53919655
  2.85895801  2.09431583  1.39770168  0.71284654]5.022073513593396
High
[1.10091609 1.07240326 1.03231924 1.03536593 1.02781323 1.00713412
 0.98928365 0.97677596 0.9823655  1.01158752 0.98002667 0.98493386
 0.97674309 0.93269259 0.98323369 0.94870857 0.96989225 0.97509862
 0.92930547 0.95848358 0.96667608 0.98155741 0.97087129 0.94163722
 0.96516063 0.9327474  0.8689353  0.86381598 0.89564764 0.92572008
 0.86341264 0.97430658 0.85718078 0.8934778  0.86587718 0.91334569
 0.80847565 0.85075876 0.77806731 0.81278055]0.9451383709190624