Low
[0.45806525 0.42547606 0.43520295 0.72869733 1.4049842  2.18436553
 2.65905038 2.73773111 2.79317607 2.80061056 3.00268435 3.19249886
 3.39443523 3.58262709 3.71563822 3.81254281 3.87808948 4.14938037
 4.21953769 4.85895414 5.26188504 5.7037525  5.9345579  5.97004645
 6.17067302 5.88981314 5.70971074 5.58244365 5.89707704 5.37266573
 5.14473167 4.87235195 4.60604719 4.13175593 3.99613741 3.75478164
 3.45068055 2.19030511 0.71062129 0.01212891]3.6198978637613637
Inter
[0.68034208 0.73940724 0.98132615 1.31883139 1.52005296 1.59283413
 1.60955473 1.56898203 1.52956955 1.5655109  1.72211705 1.96818976
 2.19565698 2.45138384 2.53228503 2.6072582  2.66112491 2.66835023
 2.59894506 2.57699766 2.56660308 2.51663181 2.37579899 2.41010991
 2.26292253 2.21373619 2.34236836 2.21451598 2.22942871 2.22195367
 1.95613112 1.91462001 1.77751797 1.73752887 1.71905164 1.620494
 1.45748096 1.32584847 1.24261659 0.7578561 ]1.8987983709435228
High
[1.04985079 1.13507797 1.13946096 1.12100716 1.10561745 1.10326163
 1.10145812 1.08155983 1.06269242 1.04183031 1.03964481 1.06470943
 1.04250502 1.06427199 1.03398901 0.98744604 1.01185139 1.05951135
 1.01537974 1.10644603 1.0298173  1.04260792 1.03503136 1.05152892
 1.01491624 1.00593577 0.97466492 1.02410614 1.03351932 1.01298324
 1.00165415 1.01774228 1.03337304 1.05089605 1.04978513 1.02828888
 0.9863891  1.03593435 0.95651608 0.98463532]1.043447423986779