Low
[ 0.32750097 18.02705559 21.23777738 23.24754463 25.31508342 27.41695505
 29.19779653 30.45182259 30.86149403 31.20991255 30.74261437 31.78937907
 31.95469067 31.14417814 32.24531883 29.54146409 29.94955225 29.48952274
 29.91450502 28.33228496 27.69759782 27.43823175 27.83552698 26.79607101
 25.50851728 23.1184503  25.25516907 24.8326776  23.49256229 22.44301534
 22.2056918  22.91342105 22.01989793 20.92396703 19.4221537  18.07790263
 14.60549615  9.69627151  3.46711716  0.78706874]23.773331500916957
Inter
[0.91287362 6.83062414 6.64442374 6.22662071 6.00696832 5.90698382
 5.81115786 5.8560103  5.49311899 5.41356395 5.5557364  5.28855593
 5.62659727 5.3749501  5.93102249 5.61425049 5.43220108 5.79287343
 5.66250836 5.5832972  5.564244   5.33529922 5.72712617 5.90515802
 5.53952939 5.34148288 5.4826057  5.21470638 5.31791026 5.21285192
 5.227582   5.34721282 5.22628581 5.06110671 4.6758643  4.77728811
 4.34357282 3.3575008  2.65019367 1.40060732]5.191811662361117
High
[1.09793867 1.02773619 1.05713886 1.02406652 0.97629892 0.98105265
 1.00211649 1.00533862 1.0587197  0.96585202 0.99848773 0.99723
 0.97585957 1.08071303 0.96457983 1.00701343 0.99438905 0.98172
 0.88844885 0.8991145  0.93053896 0.95964581 0.99506435 0.95067919
 0.9136581  0.94935315 1.05121755 0.92081014 0.96484905 0.93734119
 1.02018297 0.99611225 0.97563853 1.05489469 0.88165404 0.8716947
 0.97496473 0.9509845  0.9970586  0.96036911]0.9810131562200983