Low
[1.01263318 1.21100267 1.17564205 1.00769566 0.8963177  0.78603032
 0.73445145 0.69183093 0.69033541 0.69918819 0.75211724 0.78424115
 0.82775957 0.90014438 0.95232778 1.04536361 1.06471107 1.10994983
 1.19273361 1.23986951 1.34203333 1.39981876 1.49557277 1.57394073
 1.65832078 1.81935924 1.93770324 2.12630505 2.35140055 2.62146818
 2.96890942 3.4082342  3.85569125 4.5257112  5.10418934 6.08041061
 6.75918112 4.75399956 1.72875414 0.90446573]1.9297453627672354
Inter
[1.2795117  1.49133601 1.51567923 1.37281472 1.19181025 1.04051263
 0.91535829 0.82937308 0.78685262 0.76184552 0.75496097 0.75719837
 0.76466227 0.78688115 0.82084846 0.82573394 0.83713519 0.84036088
 0.86943751 0.88375492 0.91546425 0.95475991 1.02346508 1.05582559
 1.13049807 1.21470401 1.28328733 1.31635526 1.41388436 1.48313888
 1.61564899 1.57633631 1.66535748 1.70536656 1.64714803 1.68797104
 1.28120017 1.13446971 0.98277171 1.0885468 ]1.1375566809715516
High
[1.04769776 1.10092594 1.11017439 1.11899429 1.13975696 1.12060145
 1.13277864 1.13792405 1.12037996 1.10627694 1.11114939 1.10721537
 1.09284584 1.10511564 1.06766274 1.09173574 1.07720605 1.08000741
 1.08435551 1.0905111  1.10503338 1.06413841 1.08461734 1.07332097
 1.09155538 1.06310624 1.09085058 1.06513414 1.07725436 1.06464424
 1.10384198 1.07366092 1.13476682 1.08583455 1.13351149 1.10631493
 0.97678206 1.0332897  1.03749328 0.99586767]1.0876083400889