Low
[0.55250668 1.5846057  1.63307996 1.85438439 2.06595823 2.22250211
 2.38100462 2.66425163 2.85432465 3.1273246  3.24314012 3.31541596
 3.6167706  3.71352757 3.68872125 3.7333388  3.75389568 3.5820746
 3.77262487 3.70130746 3.52818243 3.73452006 3.5548865  3.43856692
 3.38980228 3.18494074 3.35254304 3.01130024 3.09564885 2.97849827
 3.03426004 2.92822874 3.10532781 3.38949704 3.75128445 3.85926596
 4.18396666 3.65387266 2.00736229 0.34061986]3.0145833581776733
Inter
[0.84808359 1.27763596 1.37643826 1.55110781 1.69979873 1.82828924
 1.88597089 1.93382849 2.03529437 2.0784158  2.03556521 2.05116135
 1.99238251 2.02411047 2.04260955 2.02212762 1.98084344 1.93564201
 2.01295609 1.95506129 1.85319718 1.92840066 1.97580176 1.92491433
 1.85254409 1.89442753 1.87574072 1.89717313 1.91564632 2.03431952
 1.78168724 1.79981207 1.75545846 1.94733479 1.9474274  1.9270513
 1.90302773 1.58932246 1.39542079 1.0218852 ]1.8196978836722573
High
[1.10213076 1.10783873 1.08327081 1.08697062 1.08392303 1.08220591
 1.08310348 1.06391426 1.06987591 1.07851294 1.06148297 1.048856
 1.00542242 1.00876274 1.04129849 1.01100265 0.98886595 1.00898085
 1.01212461 0.99583486 1.01792859 1.07382395 1.04574095 1.02318384
 1.0129051  0.99441054 1.03572799 0.9383821  1.07706216 0.9841211
 1.05960393 1.08034092 0.93791896 1.07531443 1.08744769 1.01196258
 1.04436199 1.01714017 0.96238112 0.9954822 ]1.0374904578279889