Low
[0.60646764 0.47635944 0.91587132 1.24569248 1.37810327 1.42923861
 1.42379037 1.47103154 1.50142094 1.54428106 1.59692322 1.6448435
 1.67366313 1.76367826 1.82608927 1.93932278 1.86023571 1.90880057
 1.84957973 1.68857321 1.51259268 1.43673658 1.39814433 1.38387192
 1.31520801 1.28770449 1.4073278  1.56558749 1.7302243  1.89530221
 2.05180673 2.37274153 2.92353314 3.22779295 3.67713043 4.32500132
 5.51828776 6.32606907 3.39595643 0.79413702]1.9822280563271175
Inter
[0.9099843  0.9531758  1.12321566 1.17711645 1.19725543 1.21903222
 1.22958961 1.24463917 1.2548548  1.26441931 1.25695753 1.28639716
 1.30130606 1.25455678 1.22783605 1.21765608 1.18370944 1.21430258
 1.22206906 1.16522502 1.11984702 1.07678268 1.11739215 1.09520746
 1.09415951 1.10894653 1.17802962 1.27440666 1.33684134 1.43701484
 1.43298997 1.45394855 1.52892219 1.57825198 1.7224124  1.77755691
 1.80267326 1.82902318 1.32381662 1.03986635]1.2807846931084668
High
[1.04840773 1.10837422 1.12625241 1.12306841 1.12625698 1.12662576
 1.12891712 1.15104037 1.12634921 1.12533701 1.11713963 1.12519754
 1.08375635 1.10546647 1.1275021  1.11123836 1.10458677 1.07047818
 1.09359901 1.07933666 1.07936863 1.10234396 1.10100788 1.07229892
 1.04845317 1.09080868 1.03962257 1.04528154 1.04107225 1.02945826
 1.03725885 1.08944366 1.0477079  1.12814435 1.03164865 1.04170839
 1.16270879 1.01938654 0.99265745 0.98244059]1.084793783172658