Low
[0.69168289 0.49641632 0.75636346 0.98106234 1.1288809  1.22610974
 1.35215487 1.42488656 1.46359543 1.5029564  1.54760089 1.54013056
 1.55896173 1.57962959 1.60151802 1.58658437 1.64187059 1.61431305
 1.6179835  1.65875978 1.63638098 1.66202895 1.63104639 1.60453659
 1.60106152 1.52388786 1.54095546 1.55576583 1.60723619 1.70861656
 1.80297606 2.20202299 2.58910389 3.33776439 4.20476095 4.77907253
 5.68663869 6.36433228 4.30241474 1.04941866]1.98403706238742
Inter
[0.94844177 0.93143877 1.06147776 1.10352845 1.13687014 1.1966107
 1.21965674 1.19849501 1.1797431  1.24262426 1.18678062 1.19887135
 1.21616185 1.24678941 1.21349608 1.19867449 1.23293893 1.18279594
 1.25004848 1.25295652 1.18149593 1.15227999 1.20341046 1.1336037
 1.17633408 1.15596046 1.13420322 1.22735417 1.24317029 1.35973132
 1.45936771 1.5336435  1.64796286 1.6591872  1.76908475 1.79454008
 1.74674893 1.59066001 1.37463809 1.05853856]1.275007892108
High
[1.06832088 1.12714805 1.11666602 1.12349232 1.11332033 1.12336465
 1.10412942 1.07918297 1.09893543 1.09482563 1.10211542 1.09495236
 1.09206363 1.11535409 1.07520751 1.05469675 1.05728783 1.08493802
 1.04549912 1.07062336 1.07342856 1.0855961  1.08704794 1.07808752
 1.10827025 1.02851327 1.05373239 1.05508756 1.0908446  1.03797498
 1.01931668 1.06665676 1.15502632 1.11956567 1.08478757 1.05669194
 1.11242328 1.08145333 0.98625826 1.01671438]1.0809900282790292