Low
[ 0.14066172  8.14775102 20.27026488 34.25453959 44.10289118 50.58246076
 53.30539996 49.72682089 49.94014868 48.47068692 49.05975846 46.99603701
 45.81299679 45.90610197 44.6585446  44.5078681  43.54058557 47.10999045
 47.22737945 52.08604257 55.18366162 54.51305716 56.36034916 52.36595692
 50.88399885 45.01358051 43.36617594 36.56592203 33.32415397 29.33623447
 26.31678756 24.37629152 21.23182747 19.90160298 18.62510563 14.63390322
 11.8908338   9.09618316  4.83128797  0.40585469]35.851742480124045
Inter
[ 0.7859658  10.06576085 11.24714541 11.84237053 11.57063101 10.63077217
  9.67065126  8.17626673  7.75830656  7.15811081  6.98333908  6.44160979
  6.13449027  6.15279272  5.90499914  5.62475552  5.35522763  5.32204053
  5.16250487  5.15968527  5.03536919  5.03831078  5.32417836  4.85345582
  5.18744697  4.62985339  4.69916935  4.60001348  4.42000221  4.70711684
  4.49945926  4.40622563  4.38756262  4.37974445  4.69086335  4.27344562
  3.85698152  3.60151128  3.38765963  1.77290517]5.872467522035032
High
[1.09830187 1.03890136 0.99203191 1.00338693 1.00950272 1.04172809
 1.00305317 0.9771581  1.05016898 0.98239083 1.00915066 0.98209124
 0.96472494 1.09314128 0.99394061 1.03361183 0.9476751  0.89094881
 0.89794282 0.9391693  0.98886836 0.86479497 0.98461996 0.98551808
 1.00798836 0.84803219 0.92518127 0.86930234 1.00053983 1.00736708
 0.88746916 0.99854932 0.98988915 1.07671774 1.05850322 0.868652
 0.93640861 0.94265455 0.91376513 0.89041716]0.974856475305408