Low
[0.83492051 0.62233013 0.74643275 0.91974418 1.04417881 1.13229029
 1.20311872 1.22325422 1.23841193 1.29578792 1.35260165 1.43480299
 1.47035317 1.58170453 1.64565825 1.66853445 1.78849957 1.77257652
 1.73103488 1.72182129 1.69930118 1.57286076 1.52960968 1.49186022
 1.50889034 1.51181107 1.51343018 1.58875243 1.76786507 1.96568589
 2.37029846 2.87703985 3.36978243 3.7543246  3.75718    4.12881916
 4.54582558 6.08557414 6.38574103 1.09233015]2.0236259745190965
Inter
[1.18134195 0.93947875 0.8696906  0.90744392 0.96273809 1.00861276
 1.04607511 1.09021769 1.10458858 1.15685938 1.20598518 1.22839048
 1.27250815 1.29141019 1.28173119 1.29064254 1.2587153  1.19325989
 1.19227532 1.17083065 1.13177003 1.12538147 1.13708725 1.20178464
 1.24535233 1.35550473 1.4107835  1.48781362 1.48084648 1.42023037
 1.53297376 1.41029405 1.56851989 1.59822937 1.74100134 1.91588241
 1.85738051 1.62033941 1.46241885 0.99113388]1.2836880908790902
High
[1.04319689 1.10731167 1.14505288 1.11441216 1.13498622 1.1170666
 1.11293349 1.12820092 1.12169483 1.12943556 1.12479435 1.11304183
 1.13913415 1.09735136 1.10392993 1.10272587 1.08367846 1.10406698
 1.08511351 1.07155757 1.09901296 1.07942727 1.10183537 1.0552882
 1.11725647 1.02579775 1.09293433 1.04257585 1.04112963 1.00270814
 1.04947348 1.07052595 1.03716185 1.18073704 1.11902083 1.07379335
 1.09094066 1.03443301 1.05281405 1.03324747]1.089494972113681