Low
[ 0.18583712 11.29161584 26.48777217 36.59153493 41.91119116 46.19112945
 45.95847734 48.4099807  46.42617641 46.74786596 44.67119552 45.89354056
 43.77870396 44.30018604 43.8134337  42.68777925 42.25180735 41.21755223
 38.48811346 37.73696872 35.50448204 33.98000201 33.75125211 28.80829869
 30.04008403 28.48949768 28.23785635 25.70426356 24.05812216 23.07866597
 23.03323693 21.24276707 22.11919435 20.03517626 19.3820379  17.13744419
 14.56718329 11.52343628  5.15659463  0.70344241]30.53984749381224
Inter
[ 0.63326343 19.24359143 17.18599032 14.86693116 12.38382702 10.68957554
  9.23418182  8.57185329  7.91951058  7.41576037  7.24998279  6.87510434
  6.45579843  6.84067505  6.38317652  6.45089312  6.44190049  6.18144282
  5.87437081  6.35753534  6.09271979  6.18199891  6.30342     5.60136473
  5.96074784  6.22885906  6.46698625  5.96773558  5.51441824  5.49024044
  5.55660412  5.77921118  5.56070961  5.0385662   5.11895973  4.37915587
  4.15396051  4.33573534  3.01357407  1.32062992]6.933024051896846
High
[1.09811485 1.02890516 1.01618354 0.99132618 1.0330695  1.0210877
 0.99202227 1.01770969 1.02438872 1.03477776 0.96315259 0.97401656
 0.96243782 0.95799062 1.08142095 0.97168393 0.99064315 0.94062122
 0.94465143 0.97931682 0.87178903 0.81027278 0.88724161 0.91118454
 1.04356206 1.01782417 1.01334105 0.94092433 1.04954756 0.84005312
 0.95135714 1.05714446 1.11441459 1.07945775 0.93662347 0.81911177
 0.8229194  1.02880629 0.91698066 0.938341  ]0.9768604312346391