Low
[ 0.13052299  4.59877617 11.32732383 20.82459983 34.20206849 48.00869535
 58.93086138 65.16300224 68.53529101 66.67920385 63.60329581 60.28449412
 61.14127863 57.42951835 58.91547583 56.5142388  53.02371575 54.83910567
 51.09649376 51.75071671 51.35060981 51.50579145 46.92745859 44.50672721
 40.400669   40.6880265  36.87293576 35.40350664 33.56267864 29.71898234
 26.21775728 25.20371316 23.36177932 21.0678206  19.77972545 16.80675992
 13.61602678  7.88112986  2.4681731   0.17882075]37.862944267761215
Inter
[ 0.64097204 14.23233974 13.46012098 11.73412799  9.72759152  8.525428
  7.42662262  6.76318436  6.27481853  6.20532056  5.98580766  5.59099027
  5.41411433  5.54349563  5.3241994   5.15675075  5.08165331  5.17483214
  4.64052972  5.01321448  4.99258267  4.824436    4.80029452  4.63460401
  4.77245225  4.79239625  5.16092581  4.77385834  4.61099668  4.56452538
  4.57482497  4.67792834  4.41990885  4.63770069  4.39441113  4.03233258
  3.96979321  3.73226932  2.93390323  1.31997704]5.613405882511238
High
[1.09861921 1.04677331 1.03872018 1.0047455  1.01782557 0.96939579
 1.00482395 1.01032637 0.99720444 0.98746224 0.98400703 0.96589
 0.97449719 0.99843219 1.02398263 0.90016209 0.82745233 1.01489014
 0.93740983 0.97582488 0.8692811  0.97932294 0.93560704 0.81264197
 0.9811149  1.01664803 0.98735902 0.91007157 0.9117464  0.97448476
 1.01946003 1.02638281 1.00773903 0.84365798 1.01504305 0.80741544
 0.86642218 1.01506323 0.90302798 0.89903966]0.9639993500509586