Low
[1.01408364 0.64339363 0.69564201 0.82026282 0.96922114 1.03819079
 1.06339946 1.09952353 1.13314871 1.18721034 1.23768546 1.29287933
 1.34854011 1.35267038 1.41423407 1.42484683 1.43365642 1.39432549
 1.35879517 1.31543573 1.28783976 1.27913336 1.21932525 1.19602897
 1.27756828 1.33728292 1.45041265 1.58021846 1.71367169 2.06264434
 2.44662949 2.72769104 3.05422631 3.44017577 4.33674367 5.44060069
 7.57321995 9.65836712 7.72716511 1.23026058]2.1319087622126824
Inter
[1.20037412 1.09670244 1.10384733 1.08724055 1.05073195 1.0463074
 1.03811441 1.034521   1.02335402 1.00916647 1.00644441 1.00469446
 1.00944639 1.01167123 0.99000898 0.95297026 0.94634182 0.92529143
 0.91816919 0.92146714 0.93995633 0.96922922 0.99322114 1.06368999
 1.12799285 1.18143905 1.23474149 1.18785975 1.18829588 1.14580023
 1.209705   1.22762575 1.36523652 1.54651872 2.07616842 2.55800314
 3.04756023 3.10781983 2.42407218 1.35097108]1.2830692947651294
High
[1.02994719 1.09247356 1.11939974 1.11750745 1.13307841 1.13779688
 1.13147477 1.14424716 1.1104828  1.1281249  1.10867164 1.13928615
 1.10473854 1.12890212 1.1108822  1.11647671 1.08063501 1.07549339
 1.07845299 1.09099486 1.06072871 1.07464589 1.0686589  1.08938284
 1.05832232 1.05561622 1.0904781  1.04351549 1.10682845 1.00806075
 1.06648522 1.07018581 1.07703384 1.07935071 1.07202803 1.13241542
 1.07356378 1.04359882 1.05952672 1.01008043]1.0879893224505817