Low
[  0.18813351   9.9913339   32.16758416  67.49231872  94.40197178
 108.9174125  110.83825936 108.66577959 109.4638001  101.163554
  97.2254353   93.92384834  87.23625931  84.29918589  83.4109928
  83.7503007   88.9378552   92.7733908   98.54098581  99.8262225
 105.98048599  95.03576966  96.18017387  96.0985588   86.77126194
  78.52177955  83.13887759  76.09003696  71.22681004  65.01527716
  62.0579786   56.71041803  51.51524971  47.1024183   44.56899084
  41.96072197  36.73008551  32.45021264  25.00814202   4.83478239]72.75531639539449
Inter
[ 0.82169741 18.93951157 17.4027918  13.7760615  10.69281168  8.76309577
  7.43408582  7.24065415  6.57184576  6.22038875  5.92802682  5.56923409
  4.95242233  5.36634724  5.14135094  4.73653061  4.63493447  4.98645544
  4.85940769  4.6851569   4.97548957  4.27823025  4.38723297  4.83204229
  4.71868578  4.43798121  4.98301083  4.7377736   4.3712156   4.19692333
  4.18049754  4.7140768   4.5715613   5.33179717  4.69920427  5.04940512
  4.72643236  4.51781737  4.44144182  2.43949318]5.982828076761298
High
[1.0965879  1.04114491 1.03841334 1.02157847 1.01879032 1.03048024
 0.91006451 1.04249104 0.95050575 1.02028403 0.98468273 1.12365324
 1.04124131 0.82761731 0.91029808 0.90785797 1.04163817 1.21407631
 0.92676013 0.85390365 0.9432674  1.00435596 0.90242944 1.00746287
 0.93862064 0.91843138 0.89059508 0.92674581 0.99450317 1.0878583
 0.8139738  0.90711741 0.9456349  1.02443799 0.96466081 0.79094735
 1.00586798 0.91304187 0.85634178 1.0502421 ]0.9722151358796023