Low
[ 0.13391514  7.58156093 14.18445803 17.09617929 18.50684675 19.66395381
 20.83129941 21.89948186 22.16035591 23.02180877 23.82907582 24.63531587
 24.57509947 24.03882081 24.54452143 24.36600163 24.08450972 23.54237836
 23.13020676 24.4187437  25.23992732 25.22318163 24.84037792 23.99869621
 26.57509918 25.38885125 25.89109623 25.6382422  24.55851377 23.25924308
 22.22801003 21.9198716  20.11827362 18.32175146 14.75535724 10.21930946
  4.61674377  2.22866221  1.29217109  0.45273324]19.32526614915595
Inter
[0.80438577 6.02830428 5.34940889 5.12486877 4.8908684  4.84249532
 4.63485226 4.75810664 4.99191227 5.02138154 4.90610128 4.92393972
 5.03360483 5.14695381 4.96267011 5.08397677 5.14741211 5.23648704
 5.33751026 5.43341577 5.52923582 5.51893416 5.54278012 5.83083215
 5.7855231  5.52577048 5.66505975 5.43979215 5.76818565 5.75810004
 5.20574547 5.19714032 4.82707396 4.58311175 4.4408869  4.1051355
 3.30690517 2.78987382 1.90304571 1.04823908]4.785750674070771
High
[1.10043454 1.04703453 1.03120598 1.03616779 1.02334024 1.02687172
 1.02559589 0.99680049 0.9894462  0.98182514 0.99802141 0.99758703
 0.9972428  1.0401291  0.97272575 1.00395658 0.92164895 0.97464439
 0.9379032  0.99512654 0.95829899 0.97529915 1.03794631 0.99053752
 0.93030471 0.92773246 0.9612457  0.92686155 0.90442159 0.85465395
 0.8656219  0.90562728 0.90298972 0.86783442 0.92735712 1.01024337
 0.83528938 0.79749428 0.92858764 0.76769933]0.959343865566189