Low
[  0.1735702   22.25958473  54.51734496  80.84427159  99.35573622
 112.43158456 123.96762042 122.25267292 129.4852005  127.09571846
 125.48509263 116.60671562 111.74140376 103.97319302  98.20694534
  95.71472394  86.4198415   84.92147783  84.55452485  79.55585372
  81.37911633  86.64239686  91.86164689  93.38142875 117.59078338
 120.12747524 115.39145536 115.20114984 114.2485758  105.06437985
 100.01809234  94.02766482  85.92810281  76.44065768  61.0175599
  44.30660732  37.08141735  26.80090175  15.3466281    3.82274148]86.13104646579312
Inter
[ 0.96065795 15.25381554 13.37051776 11.35201358 10.01918139  8.92802313
  8.3313265   7.72681957  7.35981528  7.04833368  6.0386711   6.11515423
  6.49973871  5.2468941   5.45302368  5.43958652  5.22122889  4.75514106
  4.96517476  5.30218977  4.42824844  4.69665285  4.20264173  3.80734051
  4.56199203  4.39577675  4.33369056  3.52340188  3.93334151  3.44141026
  4.14756647  3.69924499  3.47990466  3.55094926  3.98668004  3.88101729
  3.8560459   3.52849412  3.26965921  2.7509484 ]5.57155785162306
High
[1.09620992 1.03552495 0.98484269 1.02491862 1.03990924 0.99029761
 1.00374569 0.95960838 1.03310339 1.08525102 1.03100092 1.05178291
 1.01264673 1.09252322 0.95210162 0.89856091 0.89534788 0.88855077
 1.24240045 1.15569873 0.91747549 0.95514524 1.07823533 1.20170832
 0.89420346 0.96515053 0.97260587 0.839146   0.97532045 0.64898424
 0.99273736 0.79057401 0.79709092 0.87784045 0.98513341 1.11813475
 1.28545624 1.03353888 0.99169885 0.85164637]0.9911462954082833