Low
[0.29028453 0.46812172 1.42788728 2.13608886 2.57424109 2.79746013
 2.97211504 2.9603456  2.98489153 3.02292706 3.13303132 3.1000362
 3.12592868 3.01384947 2.77596543 2.92866428 3.02381504 3.13466125
 3.53802695 3.95446254 4.32166719 5.48402257 6.83147944 7.33668316
 7.95920308 7.43277138 7.60326142 7.53650896 7.87290285 7.3950899
 7.01656003 6.43140358 5.91012133 5.08095435 4.6003833  4.1356717
 3.41672563 2.67772691 1.23961266 0.11730614]4.094071489788668
Inter
[0.53463397 1.05383639 1.79987869 2.01334854 1.97540791 1.83156336
 1.61959564 1.44361792 1.39316767 1.47744617 1.6730321  1.87277719
 2.08688705 2.36801155 2.58736648 2.76646851 3.0511298  3.05608386
 3.14040605 3.01173153 3.11401263 2.99664614 2.90324862 2.75174837
 2.62431974 2.61433079 2.62081513 2.58737308 2.61333717 2.38132013
 2.35706496 2.19801498 1.98661773 2.00682976 1.85735061 1.71681499
 1.63976579 1.53998628 1.40264736 0.90530919]2.139348596064791
High
[1.09012408 1.12872366 1.11200612 1.1103662  1.09150663 1.08479637
 1.08459435 1.05766325 1.07858336 1.02728666 1.04096585 1.04506993
 1.03450625 1.01513433 1.01660035 1.05311611 1.01949819 1.05379803
 1.0460201  1.0485596  1.02927339 1.04664041 1.02926489 0.94718274
 0.98107793 1.01415647 1.08232898 1.00965333 1.05404119 0.98892596
 1.04216458 1.07717102 0.96554845 1.10786562 0.99620764 0.99971937
 1.0195677  0.98539389 1.00062136 0.97313758]1.0397215475523325