Low
[0.6361163  0.86386893 1.01375007 1.1933664  1.37588473 1.55401539
 1.61499472 1.73018525 1.79585454 1.90543825 2.0285623  2.20140054
 2.54565354 2.6799658  3.00022874 3.33369901 3.54476507 3.71109811
 4.03149693 3.93933483 4.04549665 4.07432424 3.83412896 3.79915702
 3.82562037 3.68573483 3.72417413 3.63993983 3.59216761 3.4856723
 3.20657711 3.30163563 3.17011524 3.12739942 3.24289424 3.62171224
 3.95342031 3.13351487 1.6487071  0.13206312]2.7736033669518094
Inter
[1.08542697 1.05080088 0.9258694  0.92919238 0.94608479 1.04473147
 1.14947154 1.26568356 1.37252379 1.37148627 1.3677601  1.50189153
 1.60798756 1.6384358  1.73285925 1.73799133 1.75079572 1.82420985
 1.81651882 1.75036407 1.86827426 1.88654071 1.80904344 1.85071988
 2.03572616 1.85971537 1.97368954 2.0134374  1.98484727 2.05375704
 1.98665286 1.95175429 1.84430871 1.8947179  1.83787964 1.59104619
 1.48467198 1.26339287 1.16378903 0.91805182]1.5785525364418564
High
[1.08024815 1.13185853 1.12471636 1.1025559  1.08869052 1.07217142
 1.06261787 1.09186338 1.03786941 1.05043635 1.05810694 1.05888747
 1.05613234 1.03233565 1.01316533 1.09216827 1.05794477 0.99819848
 1.08072844 1.04023438 1.08832223 1.01822932 1.06924221 1.00775829
 1.0104063  1.02095115 1.01204681 0.96730357 1.0654857  0.98926539
 1.03727126 1.07055223 1.04061081 0.97394357 1.00329418 1.01871724
 1.08212027 0.97398719 0.99185786 1.07184676]1.0461035578494176