Low
[ 0.13570792 14.61563557 25.01702822 28.55378496 30.70992359 32.20178884
 32.32553939 33.36767947 34.67342442 35.1886845  36.71982909 37.84020414
 39.1693627  39.57416629 40.38323471 43.59177328 43.10527046 43.24541223
 41.82515005 41.1416345  41.89094671 40.88733113 41.60741694 40.0359092
 38.67409626 38.3242577  36.52229366 35.70216782 36.1526175  35.03368236
 33.94976334 32.74429606 32.49296003 33.6954423  33.08613429 33.02090946
 27.82690253 17.85994086  4.30936346  0.        ]32.68004164904856
Inter
[0.88480428 9.56036044 4.96376172 3.88358099 3.71299702 3.73087619
 3.86442995 3.91114463 3.95119982 4.11592539 4.24509346 4.23119396
 4.38439234 4.42965727 4.48608658 4.59097906 4.65648135 4.88143969
 4.97519643 4.92030228 5.25280842 5.19375977 5.05617774 5.05812742
 5.40358012 5.43448385 5.22344526 5.33605596 5.58606323 5.59137866
 5.70064402 5.73721902 6.03845905 5.71951707 5.22203377 5.21983389
 4.69637435 3.93723754 3.01041759 1.05117498]4.696217363590348
High
[1.09921392 1.03246478 1.00164809 0.98625809 0.98814222 0.99627964
 0.96729205 0.9319222  0.97053227 0.99083354 0.95445245 0.95371456
 0.96493595 0.98089641 0.96731062 1.0016093  0.96910615 1.03366308
 0.91928359 0.82416098 0.97440849 0.94837304 0.7475208  0.94898085
 0.96535619 0.84801065 0.87108795 0.81517407 0.82608947 0.82201782
 0.90624639 0.89670374 0.93111446 0.89417235 0.88422622 0.90453917
 0.81701237 0.74526765 0.86892146 0.8273481 ]0.9244072774548957